200
41 76
100 21
85 81
47 21
9 76
51 83
65 59
67 65
81 93
96 35
57 81
53 86
44 89
30 73
8 5
17 35
23 53
14 13
41 21
29 1
96 65
93 1
77 87
96 53
69 79
72 51
77 76
76 47
83 30
61 99
68 1
93 16
53 100
58 94
61 26
90 49
55 19
1 49
20 77
9 34
81 12
33 53
23 39
17 61
93 69
77 84
41 73
41 3
84 46
21 43
21 21
53 16
65 38
61 58
25 33
15 1
39 91
59 85
18 57
5 1
24 11
59 75
39 31
86 85
26 45
67 31
97 57
1 21
1 18
84 9
6 97
31 72
99 10
17 78
81 85
63 1
42 96
66 1
66 25
89 13
4 3
69 99
54 73
71 51
81 1
11 29
17 16
41 1
91 37
85 77
99 85
69 53
17 1
13 33
16 5
13 61
35 1
41 45
51 41
7 76
11 77
61 85
94 35
89 41
5 97
44 11
71 2
77 75
71 13
26 57
51 100
49 53
51 47
44 77
45 69
89 64
51 81
20 1
59 45
85 83
47 26
81 45
81 55
33 66
77 61
53 54
37 22
15 85
5 22
26 55
27 3
23 86
17 39
78 50
83 1
11 30
17 65
29 71
61 5
2 87
25 1
47 13
21 81
57 52
34 27
81 33
79 7
22 6
53 34
98 31
98 5
73 1
61 16
53 91
10 95
51 92
14 78
45 54
53 89
52 85
50 61
67 85
65 73
90 91
4 96
55 57
65 71
34 41
26 27
31 9
33 1
93 19
14 76
50 13
9 1
85 86
94 45
37 61
94 99
37 56
49 2
62 65
44 31
61 73
32 33
1 93
81 51
13 7
99 13
13 1
29 35
36 32
24 81
83 71
71 11
58 89
65 43
76 77
6 22
7 1
