100 100 
2352 6514 295 5877 1843 3443 8445 1402 690 1480 2783 7314 1346 9830 6809 1474 1588 6814 1434 9488 5560 4167 47 7107 9292 9590 7126 6911 376 6903 4061 5229 9592 863 5054 6720 6328 2543 6296 70 8128 2169 9805 9835 1583 8824 7435 622 4924 8311 4348 6511 4774 745 4932 2866 1229 4124 6650 2770 1172 6962 4001 7480 5885 6873 9497 789 9928 153 1201 5641 685 4443 6547 8470 6998 2139 2926 1282 1794 7291 2707 3171 8629 4439 7810 9203 1531 5704 4793 8408 7348 5860 2811 7192 2758 1943 6694 9405 
C 40 869 
C 20 1860 
Q 6 48 11 
Q 73 80 3 
Q 13 69 47 
C 11 3780 
C 7 4161 
C 79 7702 
C 81 829 
Q 17 93 76 
C 94 3643 
C 99 8861 
Q 59 83 6 
C 44 1249 
Q 38 66 6 
C 50 1799 
C 68 9297 
C 85 173 
Q 6 36 15 
C 27 6208 
C 21 4873 
Q 26 49 11 
Q 35 54 5 
C 80 1049 
C 86 9685 
C 88 5235 
Q 30 75 32 
C 78 6053 
C 66 2684 
C 20 1462 
Q 2 10 8 
C 96 6912 
Q 61 83 23 
Q 6 42 2 
Q 31 78 13 
C 63 8379 
C 41 821 
Q 12 96 51 
Q 25 82 8 
C 8 3045 
Q 34 52 2 
Q 44 86 26 
Q 21 73 6 
Q 52 76 16 
Q 39 69 27 
C 65 9568 
C 41 228 
Q 69 85 10 
C 63 1109 
Q 59 84 11 
Q 70 77 6 
Q 9 49 1 
Q 30 51 3 
Q 19 63 21 
Q 30 90 55 
Q 2 29 9 
Q 7 18 4 
C 65 1375 
C 77 3867 
Q 39 77 15 
C 77 8476 
Q 68 69 2 
C 36 3110 
C 81 9911 
C 94 1541 
C 81 947 
C 19 8805 
Q 72 88 4 
C 89 3787 
Q 33 74 12 
Q 37 72 1 
Q 45 68 15 
C 9 510 
C 53 5014 
Q 9 93 41 
Q 37 88 6 
Q 43 92 9 
C 70 8623 
Q 72 84 4 
Q 11 82 37 
Q 55 65 9 
C 40 3137 
C 86 1071 
Q 73 94 13 
C 10 1433 
C 46 93 
C 68 5449 
C 34 3656 
Q 32 78 1 
Q 49 96 7 
Q 48 99 44 
C 17 5337 
C 70 4128 
Q 25 51 20 
C 48 8676 
C 67 3658 
C 13 8292 
C 94 9725 
C 93 2278 
Q 13 56 34 
