200 1000 103 136
60 17 14
2 21 38
74 163 14
146 149 16
199 49 93
7 129 44
196 179 65
146 163 45
81 26 6
176 54 61
145 1 21
188 84 73
137 129 98
33 64 24
38 158 75
34 13 9
32 57 24
104 183 40
184 34 74
168 182 36
46 65 68
175 120 36
155 180 66
21 118 97
179 43 42
93 100 74
179 90 7
196 24 19
118 176 98
44 188 84
156 185 89
46 178 75
52 80 5
56 64 38
170 198 8
145 165 7
34 156 26
154 121 40
153 25 65
183 158 40
87 146 87
102 36 89
75 103 77
94 134 45
9 183 65
73 71 43
163 137 61
111 46 34
93 170 2
138 40 79
199 134 90
119 129 76
90 110 36
27 23 5
193 52 65
199 105 9
163 64 16
55 93 78
65 12 9
77 122 14
15 85 68
139 24 43
45 14 77
26 161 7
163 8 78
81 93 4
103 161 16
118 108 94
133 197 88
118 112 99
83 196 70
132 158 70
60 92 87
6 119 63
176 199 30
129 69 17
138 147 77
128 159 49
105 10 1
21 71 1
19 124 48
148 147 67
134 101 24
79 19 95
89 167 34
166 63 14
94 183 78
64 196 74
147 82 86
60 72 36
64 112 24
128 189 45
193 84 98
118 29 56
152 190 79
115 76 24
142 40 6
128 5 23
164 176 40
77 107 79
84 72 87
18 131 43
30 171 39
103 22 80
121 151 42
75 39 19
182 1 12
18 149 21
110 158 29
10 109 31
159 110 54
114 133 91
21 176 16
40 144 77
64 190 52
158 136 17
78 154 23
119 87 32
120 88 2
186 89 94
172 7 60
109 145 43
174 104 4
199 173 80
47 181 29
107 53 68
115 33 53
34 113 41
75 78 60
133 109 18
48 180 13
18 172 69
195 23 47
63 150 24
96 192 55
139 95 62
187 13 22
119 164 67
197 102 40
84 3 15
192 116 97
100 94 40
148 122 97
58 190 34
98 5 77
107 70 27
166 20 31
61 136 37
84 132 38
127 7 14
169 129 55
139 146 52
67 164 15
81 147 12
163 56 55
10 131 90
154 123 88
107 161 33
13 83 24
26 162 68
191 40 29
6 61 56
48 188 38
28 106 99
60 133 28
53 105 3
18 117 2
24 160 96
94 153 76
109 28 37
63 150 31
34 149 96
74 67 100
75 66 16
178 113 93
136 147 25
198 48 38
163 177 24
42 29 2
79 166 59
190 41 96
115 185 55
37 141 10
187 4 13
58 165 53
136 161 41
107 182 93
186 177 36
48 67 43
105 11 85
155 73 3
65 57 26
155 152 67
58 17 88
9 47 80
192 83 7
53 5 83
63 38 13
182 75 46
151 108 57
64 136 66
142 187 2
5 156 76
39 41 20
124 55 31
62 153 55
153 39 74
162 25 22
98 110 31
22 192 70
189 10 40
81 85 99
171 159 30
43 33 4
56 75 9
132 155 21
17 14 86
192 150 11
55 198 27
22 132 7
91 64 84
160 36 8
97 57 9
118 142 38
93 17 27
197 49 73
114 122 38
47 99 31
146 42 73
67 38 48
160 170 58
185 120 21
186 57 57
72 79 11
121 129 68
147 156 82
19 4 10
186 69 56
176 83 15
6 151 16
24 97 14
117 199 49
53 135 48
117 104 83
128 45 17
60 28 96
92 109 4
162 174 96
167 184 82
157 153 65
69 163 32
73 183 81
78 46 44
163 120 59
43 125 12
82 10 61
190 124 33
72 85 91
149 108 14
119 7 58
85 93 62
133 187 37
51 19 25
104 95 81
93 196 66
78 113 96
12 155 99
18 171 15
128 93 29
100 18 99
168 150 16
104 188 38
49 139 50
79 64 1
90 148 44
176 153 34
164 120 39
112 150 22
50 17 7
174 187 76
73 41 9
199 137 3
185 72 43
150 131 12
121 186 25
188 1 36
170 52 93
1 61 81
95 57 3
146 111 54
44 122 72
30 78 39
95 155 42
119 133 38
162 91 57
4 73 10
107 96 40
117 184 45
169 102 56
4 174 27
122 16 34
34 91 72
153 45 11
82 57 25
169 174 6
16 18 46
19 63 71
84 50 65
125 116 38
60 56 41
12 157 44
38 125 35
1 153 75
21 192 7
107 116 58
197 137 54
152 199 54
41 60 27
181 199 32
121 95 97
34 2 26
125 19 40
57 28 70
110 20 25
45 117 17
196 179 16
145 168 51
35 16 65
181 47 33
132 49 88
80 138 62
176 73 17
125 44 36
156 85 55
47 159 80
57 183 88
97 121 63
116 119 24
100 26 4
171 147 77
127 105 38
124 120 27
62 168 40
29 174 27
26 1 59
147 179 61
74 187 17
192 157 50
102 38 77
45 48 70
180 123 92
110 91 94
62 166 9
27 109 12
127 7 61
32 110 2
110 82 75
123 65 21
57 131 70
27 161 59
31 61 17
130 53 15
200 88 11
135 30 30
63 7 42
112 133 69
150 9 5
161 154 4
92 25 25
41 136 43
80 56 24
164 187 27
86 61 67
183 43 28
10 9 32
199 136 81
104 91 54
49 21 64
55 71 90
48 59 58
98 46 52
154 17 65
46 192 70
5 92 37
118 87 82
198 175 4
128 179 54
105 187 91
58 57 76
104 198 14
110 48 98
103 197 74
189 186 17
181 118 16
120 8 70
165 16 35
188 199 83
116 42 35
9 91 14
136 176 89
179 162 94
196 73 30
50 51 53
62 148 97
126 143 71
143 13 28
99 47 23
146 65 12
168 142 7
85 48 11
79 118 57
143 185 75
140 29 57
189 178 81
85 197 40
100 173 45
104 107 93
125 145 30
90 17 32
194 135 70
15 134 77
1 93 77
113 155 38
99 175 47
128 97 89
49 176 28
196 114 9
103 23 14
126 132 60
162 12 43
179 148 97
127 153 77
172 152 31
172 192 43
96 3 2
44 154 5
171 14 92
159 11 47
122 5 91
58 180 87
158 20 34
99 88 8
77 104 91
21 23 89
36 77 95
106 6 15
156 168 12
57 152 3
179 151 6
85 94 36
32 56 48
184 151 18
90 91 37
34 153 31
180 19 88
67 32 45
80 180 26
101 10 82
151 130 40
20 92 99
145 152 24
86 129 79
180 95 82
79 101 53
193 42 82
8 115 55
122 36 26
56 196 79
180 62 94
107 112 63
19 172 55
197 109 18
136 149 25
55 168 68
90 1 88
72 10 31
46 185 13
125 132 81
97 150 41
18 52 73
26 29 45
5 198 88
116 65 89
146 74 70
181 143 58
139 171 78
97 26 41
12 68 26
11 181 58
97 79 2
104 23 49
129 106 77
131 140 9
56 6 24
56 178 56
23 147 14
200 69 88
81 180 28
189 58 9
85 100 86
116 90 98
2 117 83
149 177 22
124 190 60
8 125 35
10 149 17
38 87 67
70 130 71
5 153 9
19 180 66
47 30 57
58 108 86
124 114 74
115 7 34
57 120 66
47 195 25
12 168 94
31 155 37
120 75 56
135 111 18
102 63 49
169 108 72
89 43 30
62 180 68
71 126 58
121 74 50
142 56 7
162 135 74
123 189 96
88 167 28
149 129 67
130 44 12
191 132 31
95 47 55
110 53 15
196 184 49
9 160 76
138 81 19
132 51 20
58 50 49
43 136 84
188 168 7
124 175 82
98 188 30
4 118 62
167 111 78
28 144 37
42 100 61
29 18 73
35 28 53
3 84 79
138 146 27
114 129 39
182 23 31
88 97 56
20 1 48
124 121 100
176 145 13
78 40 60
11 70 21
187 192 39
23 185 98
190 36 86
84 153 37
180 102 13
40 196 100
171 78 21
3 123 6
200 110 74
74 12 63
119 102 22
30 128 82
161 95 30
3 126 14
90 146 69
56 118 37
174 59 44
164 179 5
60 155 62
8 180 80
18 113 98
83 163 63
126 44 98
92 64 48
13 200 99
155 49 83
139 120 87
177 165 18
180 193 40
143 36 78
87 181 84
71 148 26
78 7 8
119 61 71
56 27 61
68 145 1
17 83 94
111 95 54
39 121 63
98 192 9
18 33 60
66 140 87
24 143 97
132 91 48
60 25 100
78 163 11
21 85 99
176 69 89
7 79 53
182 21 24
92 185 64
4 16 67
144 101 70
154 152 56
190 96 25
99 54 71
107 108 61
135 80 89
92 189 65
180 13 71
200 40 55
22 163 28
159 49 50
100 179 19
26 108 94
100 55 38
13 138 17
192 96 49
33 8 22
186 159 70
139 7 94
144 30 19
80 156 82
92 178 44
49 157 4
194 63 35
117 15 2
14 36 50
75 102 91
191 55 51
24 4 30
154 104 71
178 175 40
91 98 90
151 56 14
91 68 72
36 116 8
69 173 40
92 70 54
4 181 79
139 5 84
2 101 61
53 164 98
149 93 6
188 174 94
131 161 53
24 147 18
88 6 16
7 153 40
131 163 96
158 100 71
69 86 13
79 98 44
109 89 55
121 104 50
60 120 65
25 45 98
159 134 26
197 154 69
12 39 52
64 90 42
54 96 73
111 116 73
30 142 30
88 131 8
8 144 98
51 62 69
3 178 48
47 93 4
188 36 11
86 194 42
35 135 80
75 95 38
156 65 42
13 153 85
56 134 92
8 183 69
137 29 96
170 110 87
192 145 67
47 94 57
52 175 8
155 1 26
60 185 1
78 124 3
10 135 52
77 111 6
181 11 13
190 155 63
142 99 41
121 24 42
190 173 4
36 3 73
154 157 97
28 99 76
149 44 73
146 12 96
186 96 69
18 46 58
179 184 60
54 94 87
122 108 35
30 160 79
185 178 11
177 183 86
96 176 58
144 86 17
97 182 59
9 107 6
135 158 94
10 71 95
20 97 96
91 29 39
182 176 10
102 124 8
62 56 2
53 32 24
44 139 23
173 162 29
116 163 95
178 63 19
46 116 98
62 40 45
199 136 41
99 198 95
199 17 88
145 34 48
116 56 12
78 113 10
175 107 56
13 160 11
1 171 53
162 21 57
130 1 33
124 63 65
143 200 90
186 37 31
104 177 57
154 144 3
120 3 63
43 81 88
168 91 12
117 69 86
164 160 79
102 118 16
158 192 80
107 41 37
125 58 34
13 113 54
81 58 62
120 5 37
104 186 26
85 162 36
12 17 36
94 61 63
24 41 66
191 14 46
115 178 25
121 132 58
148 5 18
8 5 71
183 177 47
155 37 84
166 91 80
120 184 8
126 192 92
1 111 6
121 31 49
169 162 45
5 6 5
114 67 76
95 24 72
106 132 67
163 74 38
112 151 97
113 25 98
104 95 7
104 42 56
127 132 63
48 25 81
156 22 27
19 43 1
179 85 74
51 78 83
95 129 28
120 25 35
103 154 14
70 103 56
105 2 47
136 137 80
133 116 30
108 145 68
175 102 85
151 97 68
52 9 18
178 195 5
79 132 63
24 119 16
143 197 3
165 105 26
55 51 38
138 109 71
2 167 42
169 149 64
177 6 28
26 167 87
132 177 8
56 163 3
93 32 40
65 189 83
180 100 93
43 159 63
180 198 67
45 74 39
16 184 18
159 198 1
52 194 74
11 84 50
45 188 21
131 76 98
20 194 8
100 120 52
93 132 59
77 183 2
8 173 25
29 150 15
8 28 76
93 88 93
150 175 74
110 195 3
6 160 36
94 46 65
169 77 81
80 40 65
189 78 51
34 164 83
12 4 41
55 44 29
190 84 96
152 28 41
65 126 8
68 121 25
105 29 99
57 100 45
178 125 12
43 154 50
99 143 76
46 62 8
147 2 81
100 128 96
56 158 69
34 52 42
77 88 12
56 128 24
113 114 75
27 67 61
17 49 13
74 38 44
90 13 76
71 102 75
148 169 88
148 55 63
24 143 51
147 6 50
18 1 85
12 130 31
61 5 2
23 39 47
88 46 29
181 61 1
28 167 31
188 107 90
9 149 58
82 171 8
24 9 30
63 86 88
75 126 12
37 142 6
72 121 28
19 59 54
134 146 66
93 108 72
85 191 21
86 14 92
2 4 43
13 149 99
28 130 98
19 155 56
46 167 61
41 32 77
143 188 65
180 197 72
58 90 20
1 57 7
105 190 36
4 21 48
70 87 7
19 76 75
110 19 95
199 150 90
189 16 73
3 194 26
1 3 59
51 81 6
123 169 94
124 192 83
39 93 69
27 130 69
92 68 62
34 32 79
94 62 5
47 145 32
161 33 72
115 112 49
96 68 5
20 62 45
16 55 86
191 60 36
125 137 89
33 59 64
61 172 74
24 35 85
181 38 60
115 151 16
39 81 6
65 145 12
180 187 58
103 184 60
135 76 24
156 82 44
199 7 75
184 183 40
161 131 50
56 18 78
20 52 53
2 89 87
10 18 17
47 109 35
176 100 6
80 177 90
57 111 19
188 189 83
59 135 56
54 191 54
180 48 20
197 155 32
57 182 45
61 134 75
17 75 85
152 189 2
184 48 67
123 79 11
46 166 72
112 88 22
61 49 90
95 170 23
188 108 75
11 196 38
167 199 22
99 47 98
124 126 39
32 89 2
27 186 86
110 200 77
184 20 11
133 18 74
63 166 29
124 32 56
144 41 85
135 91 72
72 16 66
107 141 28
90 152 65
146 123 14
47 15 79
152 188 26
176 25 1
75 20 95
38 69 66
140 61 1
41 188 95
4 66 15
85 125 16
90 2 31
30 188 43
165 35 82
2 37 47
129 99 26
72 126 99
188 110 17
