100 170
1 2 1000000
1 3 1
2 3 1
2 4 1
3 4 499999
4 5 500000
4 6 1
5 6 1
5 7 1
6 7 249999
7 8 250000
7 9 1
8 9 1
8 10 1
9 10 124999
10 11 125000
10 12 1
11 12 1
11 13 1
12 13 62499
13 14 62500
13 15 1
14 15 1
14 16 1
15 16 31249
16 17 31250
16 18 1
17 18 1
17 19 1
18 19 15624
19 20 15625
19 21 1
20 21 1
20 22 1
21 22 7811
22 23 7812
22 24 1
23 24 1
23 25 1
24 25 3905
25 26 3906
25 27 1
26 27 1
26 28 1
27 28 1952
28 29 1953
28 30 1
29 30 1
29 31 1
30 31 975
31 32 976
31 33 1
32 33 1
32 34 1
33 34 487
34 35 488
34 36 1
35 36 1
35 37 1
36 37 243
37 38 244
37 39 1
38 39 1
38 40 1
39 40 121
40 41 122
40 42 1
41 42 1
41 43 1
42 43 60
43 44 61
43 45 1
44 45 1
44 46 1
45 46 29
46 47 30
46 48 1
47 48 1
47 49 1
48 49 14
49 50 15
49 51 1
50 51 1
50 52 1
51 52 6
52 53 7
52 54 1
53 54 1
53 55 1
54 55 2
55 56 3
55 57 1
56 57 1
56 58 1
57 58 1
58 59 1
58 60 1
59 60 1
59 61 1
60 61 1
61 62 1
61 63 1
62 63 1
62 64 1
63 64 1
64 65 1
64 66 1
65 66 1
65 67 1
66 67 1
67 68 1
67 69 1
68 69 1
68 70 1
69 70 1
70 71 1
70 72 1
71 72 1
71 73 1
72 73 1
73 74 1
73 75 1
74 75 1
74 76 1
75 76 1
76 77 1
76 78 1
77 78 1
77 79 1
78 79 1
79 80 1
79 81 1
80 81 1
80 82 1
81 82 1
82 83 1
82 84 1
83 84 1
83 85 1
84 85 1
85 86 1
85 87 1
86 87 1
86 88 1
87 88 1
88 89 1
88 90 1
89 90 1
89 91 1
90 91 1
91 92 1
91 93 1
92 93 1
92 94 1
93 94 1
94 95 1
94 96 1
95 96 1
95 97 1
96 97 1
97 98 1
97 99 1
98 99 1
98 100 1
99 100 1
100 101 1
100 102 1
101 102 1
101 103 1
102 103 1
